0 Minifig Boy
0 Name: Minifig Boy.ldr
0 Author: Holly Wood
0 // MLCad advanced tuotrial model

0 ROTATION CENTER 0 0 0 1 "Custom" 
0 ROTATION CONFIG 0 0
1 0 0 -24 0 1 0 0 0 1 0 0 0 1 3901.dat
1 14 0 -24 0 1 0 0 0 1 0 0 0 1 3626bp01.dat
1 323 0 0 0 1 0 0 0 1 0 0 0 1 973p90.dat
1 4 0 32 0 1 0 0 0 1 0 0 0 1 41879a.dat
1 323 -15.552 9 0 0.985 -0.17 0 0.17 0.985 0 0 0 1 3818.dat
1 323 15.552 9 0 0.985 0.148685 0.0824176 -0.17 0.8615 0.477537 0 -0.48481 0.87462 3819.dat
1 14 -23.8634 26.5956 -10.321 0.771636 -0.623897 0.12019 0.513201 0.50049 -0.696395 0.374653 0.59957 0.707 3820.dat
1 14 22.6129 19.3499 -18.1225 0.985 0.16339 -0.0468513 -0.17 0.9467 -0.271462 0 0.275596 0.961117 3820.dat
0
